1 1 1 1 1 1 1 1 1 1 1 1
95.0  142.0  189.0  236.0  283.0  330.0  377.0  424.0  471.0  2.0   49.0  96.0
143.0  190.0  237.0  284.0  331.0  378.0  425.0  472.0  3.0   50.0  97.0  144.0
191.0  238.0  285.0  332.0  379.0  426.0  473.0  4.0   51.0  98.0  145.0  192.0
239.0  286.0  333.0  380.0  427.0  474.0  5.0   52.0  99.0  146.0  193.0  240.0
287.0  334.0  381.0  428.0  475.0  6.0   53.0  100.0  147.0  194.0  241.0  288.0
335.0  382.0  429.0  476.0  7.0   54.0  101.0  148.0  195.0  242.0  289.0  336.0
383.0  430.0  477.0  8.0   55.0  102.0  149.0  196.0  243.0  290.0  337.0  384.0
431.0  478.0  9.0   56.0  103.0  150.0  197.0  244.0  291.0  338.0  385.0  432.0
479.0  10.0  57.0  104.0  151.0  198.0  245.0  292.0  339.0  386.0  433.0  480.0
11.0  58.0  105.0  152.0  199.0  246.0  293.0  340.0  387.0  434.0  481.0  12.0
59.0  106.0  153.0  200.0  247.0  294.0  341.0  388.0  435.0  482.0  13.0  60.0
3 M